level = {
    "title" : 'LEVEL 1',
    "size_x" : 7,
    "size_y" : 7,
    "player_x" : 3,
    "player_y" : 4,
    "destination_pos" : [(2,2),(3,3),(4,3)],
    "box_pos" :  [(2,3),(2,4),(3,2)],
    "wall_pos" : [(0,0),(0,1),(0,2),(0,3),(0,4),(0,5),(0,6),(6,0),(6,1),(6,2),(6,3),(6,4),(6,5),(6,6),(1,0),(2,0),(3,0),(4,0),(5,0),(6,0),(1,6),(2,6),(3,6),(4,6),(5,6)],
    "componunt_size" : 50
}


level = {
    "title" : 'LEVEL 2',
    "size_x" : 5,
    "size_y" : 7,
    "player_x" : 1,
    "player_y" : 1,
    "destination_pos" : [(4,1),(5,3)],
    "box_pos" :  [(2,2),(4,2)],
    "wall_pos" : [(0,0),(0,1),(0,2),(0,3),(0,4),(1,0),(2,0),(3,0),(4,0),(5,0),(6,0),(3,1),(3,2),(6,1),(6,2),(6,3),(6,4),(1,4),(2,4),(3,4),(4,4),(5,4)],
    "componunt_size" : 80
}
